[Variables]
ercf_calib_0 = 1.0
ercf_calib_1 = 1.00235310155
ercf_calib_2 = 1.0001864115
ercf_calib_3 = 0.999174077079
ercf_calib_ref = 931.01078

